%YAML:1.0
bookmarks: [44, 114, 125, 191 ]
ratlist: [0, 1 ]
ratflist: [0, 60 ]
